[Player]
BallTrailStrength = 0.400000
OverrideTableEmissionScale = 1
ScreenPlayerY = 6.699998
ScreenPlayerZ = 100.351242
DynamicDayNight = 0
EmissionScale = 0.240000
ScreenWidth = 0.000000
ScreenHeight = 0.000000
ScreenInclination = 0.000000

[TableOverride]
ViewCabMode = 2
ViewCabScaleX = 1.265981
ViewCabScaleY = 1.056018
ViewCabScaleZ = 1.000000
ViewCabRotation = 180
ViewCabHOfs = 0.000000
ViewCabVOfs = -20.560280
ViewCabWindowTop = 329.541931
ViewCabWindowBot = 84.953217